kgun : 25f9e794323b453885f5181f1b624d0b : 2023-10-25T20:42:56.512404
kk : 8fd123a0c3d20c114a459ded133f9bc4 : 2023-10-25T20:43:01.579726
kgun : 25d55ad283aa400af464c76d713c07ad : 2023-10-25T21:02:54.281357
kgun : 25d55ad283aa400af464c76d713c07ad : 2023-10-25T21:03:31.144294
kgun : 25d55ad283aa400af464c76d713c07ad : 2023-10-25T21:10:19.281254
kgun : 25d55ad283aa400af464c76d713c07ad : 2023-10-25T21:11:33.137609
kgin : 25d55ad283aa400af464c76d713c07ad : 2023-10-25T21:12:35.993380
kg : a388d706e4226a7b63fbc8470bfa9fdb : 2023-11-09T16:42:21.007772822
luffy : 25d55ad283aa400af464c76d713c07ad : 2023-11-09T16:51:14.589715152
